9.094947017729282379e-13 1.280000000000000000e+02 7.462268748725804687e+07
9.094947017729282379e-13 1.810193359837561786e+02 6.030326670503963530e+07
9.094947017729282379e-13 2.560000000000000000e+02 2.055123071737974510e+07
9.094947017729282379e-13 3.620386719675123572e+02 1.214754763179944083e+07
9.094947017729282379e-13 5.120000000000000000e+02 2.731391320446365513e+06
9.094947017729282379e-13 7.240773439350247145e+02 1.075354372292846907e+06
9.094947017729282379e-13 1.024000000000000000e+03 3.076858861706835451e+05
9.094947017729282379e-13 1.448154687870049429e+03 7.470729915408167290e+04
9.094947017729282379e-13 2.048000000000000000e+03 3.387660820552337827e+04
9.094947017729282379e-13 2.896309375740098858e+03 2.701459495324883028e+04
9.094947017729282379e-13 4.096000000000000000e+03 2.173258726614197803e+04
9.094947017729282379e-13 5.792618751480197716e+03 1.409623326825395998e+04
9.094947017729282379e-13 8.192000000000000000e+03 1.136520900274901578e+04
1.818989403545856476e-12 1.280000000000000000e+02 5.324876857574309409e+07
1.818989403545856476e-12 1.810193359837561786e+02 2.828958058421468735e+07
1.818989403545856476e-12 2.560000000000000000e+02 1.659194551390990056e+07
1.818989403545856476e-12 3.620386719675123572e+02 7.707815147125529125e+06
1.818989403545856476e-12 5.120000000000000000e+02 1.774882730695073027e+06
1.818989403545856476e-12 7.240773439350247145e+02 7.812317029985104455e+05
1.818989403545856476e-12 1.024000000000000000e+03 1.905229973456491716e+05
1.818989403545856476e-12 1.448154687870049429e+03 5.454155410298267088e+04
1.818989403545856476e-12 2.048000000000000000e+03 2.995610061870769277e+04
1.818989403545856476e-12 2.896309375740098858e+03 2.579649168868879133e+04
1.818989403545856476e-12 4.096000000000000000e+03 1.847390406763931242e+04
1.818989403545856476e-12 5.792618751480197716e+03 1.234733148053034165e+04
1.818989403545856476e-12 8.192000000000000000e+03 1.139522438235248228e+04
3.637978807091712952e-12 1.280000000000000000e+02 3.400029167075236142e+07
3.637978807091712952e-12 1.810193359837561786e+02 1.494439522808498144e+07
3.637978807091712952e-12 2.560000000000000000e+02 1.263734515426352620e+07
3.637978807091712952e-12 3.620386719675123572e+02 4.467744664868290536e+06
3.637978807091712952e-12 5.120000000000000000e+02 1.234170674405321945e+06
3.637978807091712952e-12 7.240773439350247145e+02 5.448967526256187120e+05
3.637978807091712952e-12 1.024000000000000000e+03 1.224918870748732006e+05
3.637978807091712952e-12 1.448154687870049429e+03 4.134905432446028863e+04
3.637978807091712952e-12 2.048000000000000000e+03 2.833764754257665481e+04
3.637978807091712952e-12 2.896309375740098858e+03 2.333092572546500742e+04
3.637978807091712952e-12 4.096000000000000000e+03 1.550642099402971871e+04
3.637978807091712952e-12 5.792618751480197716e+03 1.143546129066373760e+04
3.637978807091712952e-12 8.192000000000000000e+03 1.176343716754711386e+04
7.275957614183425903e-12 1.280000000000000000e+02 2.017571193883458525e+07
7.275957614183425903e-12 1.810193359837561786e+02 9.425219386316340417e+06
7.275957614183425903e-12 2.560000000000000000e+02 9.024819759336797521e+06
7.275957614183425903e-12 3.620386719675123572e+02 2.431595003359504975e+06
7.275957614183425903e-12 5.120000000000000000e+02 9.193814142304991838e+05
7.275957614183425903e-12 7.240773439350247145e+02 3.619907593671431532e+05
7.275957614183425903e-12 1.024000000000000000e+03 8.120280881903294357e+04
7.275957614183425903e-12 1.448154687870049429e+03 3.395975064747838769e+04
7.275957614183425903e-12 2.048000000000000000e+03 2.699802737596025690e+04
7.275957614183425903e-12 2.896309375740098858e+03 2.020760822780243689e+04
7.275957614183425903e-12 4.096000000000000000e+03 1.317221175563733232e+04
7.275957614183425903e-12 5.792618751480197716e+03 1.130700171502666672e+04
7.275957614183425903e-12 8.192000000000000000e+03 1.214925102524288195e+04
1.455191522836685181e-11 1.280000000000000000e+02 1.217645464775125869e+07
1.455191522836685181e-11 1.810193359837561786e+02 6.534091691155071370e+06
1.455191522836685181e-11 2.560000000000000000e+02 5.957067501864088699e+06
1.455191522836685181e-11 3.620386719675123572e+02 1.336119088956907857e+06
1.455191522836685181e-11 5.120000000000000000e+02 7.107400420549405972e+05
1.455191522836685181e-11 7.240773439350247145e+02 2.329586960072949587e+05
1.455191522836685181e-11 1.024000000000000000e+03 5.546400058569863904e+04
1.455191522836685181e-11 1.448154687870049429e+03 3.034074332471174421e+04
1.455191522836685181e-11 2.048000000000000000e+03 2.481189893235146155e+04
1.455191522836685181e-11 2.896309375740098858e+03 1.709825849906718940e+04
1.455191522836685181e-11 4.096000000000000000e+03 1.170941746994683126e+04
1.455191522836685181e-11 5.792618751480197716e+03 1.165057669852306572e+04
1.455191522836685181e-11 8.192000000000000000e+03 1.238300192049187899e+04
2.910383045673370361e-11 1.280000000000000000e+02 8.233197493676188402e+06
2.910383045673370361e-11 1.810193359837561786e+02 4.534196533729645424e+06
2.910383045673370361e-11 2.560000000000000000e+02 3.518473686203029938e+06
2.910383045673370361e-11 3.620386719675123572e+02 8.322847891637415159e+05
2.910383045673370361e-11 5.120000000000000000e+02 5.420402030335033778e+05
2.910383045673370361e-11 7.240773439350247145e+02 1.473507085172543884e+05
2.910383045673370361e-11 1.024000000000000000e+03 4.076085926210673642e+04
2.910383045673370361e-11 1.448154687870049429e+03 2.825655763864034088e+04
2.910383045673370361e-11 2.048000000000000000e+03 2.188667736909159430e+04
2.910383045673370361e-11 2.896309375740098858e+03 1.435312556603009580e+04
2.910383045673370361e-11 4.096000000000000000e+03 1.125503432955067910e+04
2.910383045673370361e-11 5.792618751480197716e+03 1.205338387738454367e+04
2.910383045673370361e-11 8.192000000000000000e+03 1.246306388291803523e+04
5.820766091346740723e-11 1.280000000000000000e+02 6.212569129280650988e+06
5.820766091346740723e-11 1.810193359837561786e+02 3.045785173716701567e+06
5.820766091346740723e-11 2.560000000000000000e+02 1.839815835607677000e+06
5.820766091346740723e-11 3.620386719675123572e+02 6.218128753288155422e+05
5.820766091346740723e-11 5.120000000000000000e+02 3.899856669727524859e+05
5.820766091346740723e-11 7.240773439350247145e+02 9.175906279818282928e+04
5.820766091346740723e-11 1.024000000000000000e+03 3.319831180350134673e+04
5.820766091346740723e-11 1.448154687870049429e+03 2.616662055832643455e+04
5.820766091346740723e-11 2.048000000000000000e+03 1.876286858566785668e+04
5.820766091346740723e-11 2.896309375740098858e+03 1.230626735501471740e+04
5.820766091346740723e-11 4.096000000000000000e+03 1.151121658758684862e+04
5.820766091346740723e-11 5.792618751480197716e+03 1.231014115659229174e+04
5.820766091346740723e-11 8.192000000000000000e+03 1.243444423230099710e+04
1.164153218269348145e-10 1.280000000000000000e+02 4.669669887773585506e+06
1.164153218269348145e-10 1.810193359837561786e+02 1.966057012844818877e+06
1.164153218269348145e-10 2.560000000000000000e+02 9.014871811891507823e+05
1.164153218269348145e-10 3.620386719675123572e+02 5.115828320755294408e+05
1.164153218269348145e-10 5.120000000000000000e+02 2.598214240401070565e+05
1.164153218269348145e-10 7.240773439350247145e+02 5.781716787289038621e+04
1.164153218269348145e-10 1.024000000000000000e+03 2.932113962920112681e+04
1.164153218269348145e-10 1.448154687870049429e+03 2.353927692836521965e+04
1.164153218269348145e-10 2.048000000000000000e+03 1.577965201012327088e+04
1.164153218269348145e-10 2.896309375740098858e+03 1.135136713292806235e+04
1.164153218269348145e-10 4.096000000000000000e+03 1.194099243039643807e+04
1.164153218269348145e-10 5.792618751480197716e+03 1.240513407436390662e+04
1.164153218269348145e-10 8.192000000000000000e+03 1.232613145847428314e+04
2.328306436538696289e-10 1.280000000000000000e+02 3.147627922389438841e+06
2.328306436538696289e-10 1.810193359837561786e+02 1.187870317186829168e+06
2.328306436538696289e-10 2.560000000000000000e+02 4.720349725938469055e+05
2.328306436538696289e-10 3.620386719675123572e+02 4.139972888358435594e+05
2.328306436538696289e-10 5.120000000000000000e+02 1.616424397445597569e+05
2.328306436538696289e-10 7.240773439350247145e+02 3.947494693121824821e+04
2.328306436538696289e-10 1.024000000000000000e+03 2.692348981143620767e+04
2.328306436538696289e-10 1.448154687870049429e+03 2.052108289216834964e+04
2.328306436538696289e-10 2.048000000000000000e+03 1.324944575648413775e+04
2.328306436538696289e-10 2.896309375740098858e+03 1.139728421888981575e+04
2.328306436538696289e-10 4.096000000000000000e+03 1.223750724857301611e+04
2.328306436538696289e-10 5.792618751480197716e+03 1.236469074739072312e+04
2.328306436538696289e-10 8.192000000000000000e+03 1.214418130524430853e+04
4.656612873077392578e-10 1.280000000000000000e+02 1.849696164866315201e+06
4.656612873077392578e-10 1.810193359837561786e+02 6.537042646626677597e+05
4.656612873077392578e-10 2.560000000000000000e+02 3.036347029742107843e+05
4.656612873077392578e-10 3.620386719675123572e+02 3.089631365453248145e+05
4.656612873077392578e-10 5.120000000000000000e+02 9.620250806235015625e+04
4.656612873077392578e-10 7.240773439350247145e+02 3.062293494290392846e+04
4.656612873077392578e-10 1.024000000000000000e+03 2.475043525936039077e+04
4.656612873077392578e-10 1.448154687870049429e+03 1.739248752364117536e+04
4.656612873077392578e-10 2.048000000000000000e+03 1.170816719063441269e+04
4.656612873077392578e-10 2.896309375740098858e+03 1.182783683943831056e+04
4.656612873077392578e-10 4.096000000000000000e+03 1.233590029454532305e+04
4.656612873077392578e-10 5.792618751480197716e+03 1.220831853548145409e+04
4.656612873077392578e-10 8.192000000000000000e+03 1.187498796040983689e+04
9.313225746154785156e-10 1.280000000000000000e+02 9.739633367821415886e+05
9.313225746154785156e-10 1.810193359837561786e+02 3.326037145146859693e+05
9.313225746154785156e-10 2.560000000000000000e+02 2.331009230142476154e+05
9.313225746154785156e-10 3.620386719675123572e+02 2.079678741140001803e+05
9.313225746154785156e-10 5.120000000000000000e+02 5.683737619722967793e+04
9.313225746154785156e-10 7.240773439350247145e+02 2.657635779982754684e+04
9.313225746154785156e-10 1.024000000000000000e+03 2.214605373547610361e+04
9.313225746154785156e-10 1.448154687870049429e+03 1.447585146604370311e+04
9.313225746154785156e-10 2.048000000000000000e+03 1.137873736003990780e+04
9.313225746154785156e-10 2.896309375740098858e+03 1.215305120232666559e+04
9.313225746154785156e-10 4.096000000000000000e+03 1.224880562294574884e+04
9.313225746154785156e-10 5.792618751480197716e+03 1.194767884955762202e+04
9.313225746154785156e-10 8.192000000000000000e+03 1.151615183002077538e+04
1.862645149230957031e-09 1.280000000000000000e+02 4.766938087286438677e+05
1.862645149230957031e-09 1.810193359837561786e+02 1.672448617263493070e+05
1.862645149230957031e-09 2.560000000000000000e+02 1.812588930077878758e+05
1.862645149230957031e-09 3.620386719675123572e+02 1.280248956547893613e+05
1.862645149230957031e-09 5.120000000000000000e+02 3.580156053641752806e+04
1.862645149230957031e-09 7.240773439350247145e+02 2.452284280327067245e+04
1.862645149230957031e-09 1.024000000000000000e+03 1.903085085930683999e+04
1.862645149230957031e-09 1.448154687870049429e+03 1.235706885343465001e+04
1.862645149230957031e-09 2.048000000000000000e+03 1.171200845431470771e+04
1.862645149230957031e-09 2.896309375740098858e+03 1.222189867156881883e+04
1.862645149230957031e-09 4.096000000000000000e+03 1.200633179096971071e+04
1.862645149230957031e-09 5.792618751480197716e+03 1.159555442368571858e+04
1.862645149230957031e-09 8.192000000000000000e+03 1.113710632679624541e+04
3.725290298461914062e-09 1.280000000000000000e+02 2.256409456133604981e+05
3.725290298461914062e-09 1.810193359837561786e+02 9.112603612026071642e+04
3.725290298461914062e-09 2.560000000000000000e+02 1.310670214235061721e+05
3.725290298461914062e-09 3.620386719675123572e+02 7.478223224819105235e+04
3.725290298461914062e-09 5.120000000000000000e+02 2.621991106449855579e+04
3.725290298461914062e-09 7.240773439350247145e+02 2.264960640220365894e+04
3.725290298461914062e-09 1.024000000000000000e+03 1.581650763903088591e+04
3.725290298461914062e-09 1.448154687870049429e+03 1.150426933646119869e+04
3.725290298461914062e-09 2.048000000000000000e+03 1.202118370691316886e+04
3.725290298461914062e-09 2.896309375740098858e+03 1.204769189571037532e+04
3.725290298461914062e-09 4.096000000000000000e+03 1.165069398233901302e+04
3.725290298461914062e-09 5.792618751480197716e+03 1.121106106187348996e+04
3.725290298461914062e-09 8.192000000000000000e+03 1.085427857716931976e+04
7.450580596923828125e-09 1.280000000000000000e+02 1.105398768048186757e+05
7.450580596923828125e-09 1.810193359837561786e+02 5.647851888862704072e+04
7.450580596923828125e-09 2.560000000000000000e+02 8.761944154585697106e+04
7.450580596923828125e-09 3.620386719675123572e+02 4.347777563743790233e+04
7.450580596923828125e-09 5.120000000000000000e+02 2.252749967584447586e+04
7.450580596923828125e-09 7.240773439350247145e+02 2.001361278588425193e+04
7.450580596923828125e-09 1.024000000000000000e+03 1.321933245326690121e+04
7.450580596923828125e-09 1.448154687870049429e+03 1.157789887330667079e+04
7.450580596923828125e-09 2.048000000000000000e+03 1.202372310687777099e+04
7.450580596923828125e-09 2.896309375740098858e+03 1.169991907246416304e+04
7.450580596923828125e-09 4.096000000000000000e+03 1.125852574364420070e+04
7.450580596923828125e-09 5.792618751480197716e+03 1.090480191329005720e+04
7.450580596923828125e-09 8.192000000000000000e+03 1.068569885935313505e+04
1.490116119384765625e-08 1.280000000000000000e+02 6.061286575134559826e+04
1.490116119384765625e-08 1.810193359837561786e+02 3.884970164874413604e+04
1.490116119384765625e-08 2.560000000000000000e+02 5.544929522325158177e+04
1.490116119384765625e-08 3.620386719675123572e+02 2.721252572966223670e+04
1.490116119384765625e-08 5.120000000000000000e+02 2.092463566390021879e+04
1.490116119384765625e-08 7.240773439350247145e+02 1.684964380791421718e+04
1.490116119384765625e-08 1.024000000000000000e+03 1.181108495183110972e+04
1.490116119384765625e-08 1.448154687870049429e+03 1.179588956370625237e+04
1.490116119384765625e-08 2.048000000000000000e+03 1.174214278031130380e+04
1.490116119384765625e-08 2.896309375740098858e+03 1.129325648533673666e+04
1.490116119384765625e-08 4.096000000000000000e+03 1.094157860591200370e+04
1.490116119384765625e-08 5.792618751480197716e+03 1.071871049101094468e+04
1.490116119384765625e-08 8.192000000000000000e+03 1.054582764312348263e+04
